# Typical: 100 rounds
# A $2000, B $3500, 100 rounds, P(A wins) uniform in [0.4, 0.7]
2000
3500
100
0.444 0.585 0.451 0.614 0.582 0.515 0.585 0.57 0.413 0.559 0.586 0.556 0.664 0.621 0.513 0.468 0.438 0.643 0.607 0.583
0.533 0.55 0.467 0.559 0.444 0.586 0.589 0.601 0.474 0.428 0.5 0.606 0.553 0.624 0.529 0.52 0.672 0.45 0.462 0.577
0.589 0.53 0.567 0.532 0.601 0.667 0.648 0.592 0.541 0.684 0.534 0.588 0.661 0.605 0.517 0.623 0.58 0.674 0.587 0.56
0.692 0.558 0.52 0.681 0.683 0.452 0.422 0.657 0.665 0.515 0.476 0.605 0.682 0.464 0.534 0.599 0.466 0.524 0.443 0.544
0.469 0.424 0.517 0.445 0.436 0.445 0.525 0.495 0.618 0.524 0.473 0.456 0.489 0.623 0.46 0.54 0.642 0.649 0.539 0.653
